teration  1
Partition 1 [1, 2, 3, 4, 5, 6, 7, 8, 9, 10, 11, 12, 13, 14, 15, 16, 17, 18, 19, 20]
Partition 2 [21, 22, 23, 24, 25, 26, 27, 28, 29, 30, 31, 32, 33, 34, 35, 36, 37, 38, 39, 40]
Cost of Partition 38 

Iteration  2
Partition 1 [7, 3, 14, 5, 2, 8, 17, 10, 20, 6, 13, 4, 15, 40, 24, 37, 35, 38, 21, 25]
Partition 2 [34, 32, 36, 30, 28, 23, 26, 22, 31, 27, 29, 39, 33, 12, 18, 1, 9, 11, 19, 16]
Cost of Partition 22 

Iteration  3
Partition 1 [8, 10, 15, 4, 38, 20, 6, 40, 13, 2, 34, 32, 36, 30, 23, 26, 28, 18, 12, 22]
Partition 2 [1, 27, 31, 29, 33, 9, 11, 39, 19, 16, 37, 14, 7, 3, 21, 25, 17, 35, 24, 5]
Cost of Partition 9 

********
all done
********
Partition 1
[2, 4, 6, 8, 10, 12, 13, 15, 18, 20, 22, 23, 26, 28, 30, 32, 34, 36, 38, 40]
Partition 2
[1, 3, 5, 7, 9, 11, 14, 16, 17, 19, 21, 24, 25, 27, 29, 31, 33, 35, 37, 39]
Cost of partition 9
