['input_2395nodes.txt', '-f']
******
Warning: Running algorithm in this mode does not
             guarantee best possible solution
******
Iteration  1
Cost of Partition 1927 

Iteration  2
Cost of Partition 1106 

Iteration  3
Cost of Partition 773 

Iteration  4
Cost of Partition 641 

Iteration  5
Cost of Partition 631 

Iteration  6
Cost of Partition 627 

********
all done
********
Partition 1
[9, 23, 25, 30, 37, 39, 40, 41, 42, 43, 44, 45, 46, 47, 48, 49, 51, 52, 54, 56, 57, 58, 60, 61, 63, 65, 66, 67, 68, 69, 70, 71, 72, 73, 74, 76, 78, 79, 80, 81, 82, 91, 93, 94, 119, 120, 122, 123, 125, 127, 128, 129, 130, 132, 133, 135, 137, 138, 140, 141, 143, 144, 145, 147, 149, 152, 153, 155, 156, 157, 158, 159, 160, 166, 192, 196, 198, 200, 201, 202, 205, 206, 208, 209, 211, 212, 216, 218, 219, 220, 221, 222, 224, 225, 226, 227, 228, 230, 231, 232, 233, 238, 239, 240, 241, 242, 245, 246, 250, 252, 254, 255, 256, 257, 259, 260, 262, 264, 265, 269, 271, 272, 275, 276, 278, 280, 285, 286, 287, 288, 289, 292, 293, 295, 297, 306, 317, 318, 319, 321, 323, 324, 327, 328, 330, 331, 332, 333, 334, 336, 337, 338, 339, 341, 342, 343, 344, 345, 346, 347, 348, 350, 351, 353, 355, 356, 357, 358, 359, 360, 362, 363, 364, 365, 366, 367, 368, 369, 379, 380, 381, 382, 383, 385, 386, 387, 388, 390, 391, 396, 404, 405, 406, 407, 411, 412, 413, 414, 415, 416, 417, 418, 419, 420, 421, 422, 423, 424, 426, 427, 428, 429, 430, 431, 432, 433, 434, 435, 437, 439, 440, 442, 443, 444, 445, 446, 448, 449, 450, 451, 452, 479, 558, 559, 586, 587, 594, 595, 596, 597, 604, 605, 614, 615, 620, 621, 626, 627, 630, 631, 716, 717, 724, 725, 730, 731, 764, 765, 772, 773, 780, 781, 860, 861, 866, 867, 868, 869, 870, 871, 872, 873, 874, 875, 876, 877, 878, 879, 880, 881, 882, 883, 884, 885, 886, 887, 892, 893, 894, 895, 896, 897, 898, 899, 900, 901, 906, 907, 908, 909, 910, 911, 912, 913, 914, 915, 916, 917, 918, 919, 920, 921, 922, 923, 924, 925, 926, 927, 928, 929, 930, 931, 932, 933, 934, 935, 936, 937, 938, 939, 948, 949, 950, 951, 952, 953, 962, 963, 964, 965, 966, 967, 968, 969, 976, 977, 978, 979, 980, 981, 982, 983, 984, 985, 990, 991, 998, 999, 1002, 1003, 1004, 1005, 1008, 1009, 1012, 1013, 1014, 1015, 1016, 1017, 1018, 1019, 1028, 1029, 1030, 1031, 1032, 1033, 1034, 1035, 1036, 1037, 1038, 1039, 1048, 1049, 1050, 1051, 1060, 1061, 1062, 1063, 1096, 1097, 1098, 1099, 1100, 1101, 1102, 1103, 1104, 1105, 1106, 1107, 1108, 1109, 1110, 1111, 1114, 1115, 1116, 1117, 1118, 1119, 1120, 1121, 1122, 1123, 1124, 1125, 1126, 1127, 1128, 1129, 1130, 1131, 1132, 1133, 1134, 1135, 1136, 1137, 1138, 1139, 1140, 1141, 1142, 1143, 1144, 1145, 1146, 1147, 1148, 1149, 1150, 1151, 1152, 1153, 1154, 1155, 1156, 1157, 1158, 1159, 1160, 1161, 1162, 1163, 1164, 1165, 1166, 1167, 1168, 1169, 1170, 1171, 1172, 1173, 1174, 1175, 1176, 1177, 1178, 1179, 1180, 1181, 1182, 1183, 1184, 1185, 1186, 1187, 1188, 1189, 1190, 1191, 1192, 1193, 1194, 1195, 1196, 1197, 1198, 1199, 1222, 1223, 1226, 1227, 1236, 1237, 1314, 1315, 1331, 1330, 1434, 1435, 1518, 1519, 2114, 2115, 2120, 2121, 2126, 2127, 2140, 2141, 2190, 2191, 2200, 2201, 2206, 2207, 2240, 2241, 1230, 1231, 1240, 1241, 1246, 1247, 1281, 1280, 1299, 1298, 1304, 1305, 1310, 1311, 1324, 1325, 1332, 1333, 1344, 1345, 1349, 1348, 1356, 1357, 1369, 1368, 1374, 1375, 1524, 1525, 1537, 1536, 1548, 1549, 1564, 1565, 1568, 1569, 1741, 1740, 1827, 1826, 1835, 1834, 1909, 1908, 1913, 1912, 1921, 1920, 1925, 1924, 1935, 1934, 1939, 1938, 1973, 1972, 1979, 1978, 2057, 2056, 2085, 2084, 2097, 2096, 2132, 2133, 2252, 2253, 2258, 2259, 2264, 2265, 2278, 2279, 2284, 2285, 2292, 2293, 2316, 2317, 2328, 2329, 1201, 1200, 1221, 1220, 1225, 1224, 1229, 1228, 1233, 1232, 1234, 1235, 1239, 1238, 1243, 1242, 1244, 1245, 1249, 1248, 1250, 1251, 1283, 1282, 1284, 1285, 1293, 1292, 1294, 1295, 1297, 1296, 1301, 1300, 1302, 1303, 1307, 1306, 1308, 1309, 1313, 1312, 1317, 1316, 1321, 1320, 1322, 1323, 1327, 1326, 1328, 1329, 1335, 1334, 1336, 1337, 1339, 1338, 1347, 1346, 1351, 1350, 1359, 1358, 1360, 1361, 1363, 1362, 1365, 1364, 1371, 1370, 1372, 1373, 1377, 1376, 1437, 1436, 1516, 1517, 1521, 1520, 1523, 1522, 1527, 1526, 1529, 1528, 1535, 1534, 1544, 1545, 1547, 1546, 1551, 1550, 1552, 1553, 1554, 1555, 1557, 1556, 1562, 1563, 1567, 1566, 1571, 1570, 1572, 1573, 1581, 1580, 1583, 1582, 1584, 1585, 1587, 1586, 1588, 1589, 1591, 1590, 1611, 1610, 1661, 1660, 1667, 1666, 1669, 1668, 1674, 1675, 1677, 1676, 1682, 1683, 1688, 1689, 1699, 1698, 1701, 1700, 1711, 1710, 1713, 1712, 1722, 1723, 1725, 1724, 1726, 1727, 1729, 1728, 1730, 1731, 1733, 1732, 1734, 1735, 1737, 1736, 1738, 1739, 1825, 1824, 1839, 1838, 1845, 1844, 1856, 1857, 1859, 1858, 1864, 1865, 1867, 1866, 1874, 1875, 1877, 1876, 1878, 1879, 1881, 1880, 1882, 1883, 1888, 1889, 1891, 1890, 1906, 1907, 1943, 1942, 1949, 1948, 1967, 1966, 1977, 1976, 1986, 1987, 1989, 1988, 1990, 1991, 1993, 1992, 1994, 1995, 1997, 1996, 2006, 2007, 2009, 2008, 2018, 2019, 2021, 2020, 2054, 2055, 2061, 2060, 2073, 2072, 2081, 2080, 2083, 2082, 2088, 2089, 2091, 2090, 2092, 2093, 2095, 2094, 2101, 2100, 2103, 2102, 2104, 2105, 2107, 2106, 2108, 2109, 2111, 2110, 2113, 2112, 2119, 2118, 2125, 2124, 2131, 2130, 2135, 2134, 2136, 2137, 2138, 2139, 53, 161, 203, 207, 243, 247, 249, 251, 258, 261, 279, 282, 320, 335, 340, 349, 352, 354, 361, 384, 389, 392, 408, 59, 62, 75, 1539, 1538, 1743, 1742, 1829, 1828, 1837, 1836, 1911, 1910, 1915, 1914, 1923, 1922, 1927, 1926, 1937, 1936, 1941, 1940, 1975, 1974, 1981, 1980, 2059, 2058, 2087, 2086, 2099, 2098, 2117, 2116, 2123, 2122, 2129, 2128, 2143, 2142, 2144, 2145, 2147, 2146, 2148, 2149, 2151, 2150, 2153, 2152, 2155, 2154, 2157, 2156, 2159, 2158, 2179, 2178, 2180, 2181, 2183, 2182, 2184, 2185, 2187, 2186, 2188, 2189, 2193, 2192, 2194, 2195, 2197, 2196, 2198, 2199, 2203, 2202, 2204, 2205, 2209, 2208, 2238, 2239, 2243, 2242, 2251, 2250, 2255, 2254, 2256, 2257, 2261, 2260, 2262, 2263, 2267, 2266, 2268, 2269, 2271, 2270, 2272, 2273, 2275, 2274, 2281, 2280, 2282, 2283, 2287, 2286, 2288, 2289, 2290, 2291, 2295, 2294, 2297, 2296, 2302, 2303, 2305, 2304, 2306, 2307, 2309, 2308, 2314, 2315, 2319, 2318, 2321, 2320, 2323, 2322, 2326, 2327, 2331, 2330, 2332, 2333, 2335, 2334, 2392, 2393, 2395, 2394, 561, 560, 562, 563, 565, 564, 566, 567, 569, 568, 571, 570, 572, 573, 575, 574, 577, 576, 578, 579, 581, 580, 589, 588, 591, 590, 592, 593, 599, 598, 607, 606, 608, 609, 611, 610, 612, 613, 617, 616, 618, 619, 623, 622, 625, 624, 629, 628, 633, 632, 653, 652, 1531, 50, 1530, 1533, 1532, 1575, 77, 1574, 1577, 1576, 1578, 1579, 1663, 121, 1662, 1665, 1664, 1685, 131, 1684, 1687, 1686, 1691, 134, 1690, 1693, 1692, 150, 769, 768, 151, 777, 776, 154, 703, 702, 704, 705, 707, 706, 709, 708, 711, 710, 719, 718, 727, 726, 728, 729, 733, 732, 734, 735, 741, 740, 743, 742, 748, 749, 751, 750, 753, 752, 755, 754, 767, 766, 771, 770, 775, 774, 779, 778, 783, 782, 784, 785, 1707, 142, 1706, 1709, 1708, 1817, 197, 1816, 1819, 1818, 1831, 204, 1830, 1833, 1832, 1841, 210, 1840, 1843, 1842, 858, 859]
Partition 2
[1202, 1203, 1204, 1205, 1206, 1207, 1208, 1209, 1210, 1211, 1212, 1213, 1214, 1215, 1216, 1217, 1218, 1219, 1254, 1255, 1258, 1259, 1260, 1261, 1262, 1263, 1264, 1265, 1266, 1267, 1268, 1269, 1270, 1271, 1272, 1273, 1274, 1275, 1276, 1277, 1278, 1279, 1286, 1287, 1290, 1291, 1340, 1341, 1352, 1353, 1378, 1379, 1380, 1381, 1382, 1383, 1386, 1387, 1388, 1389, 1392, 1393, 1394, 1395, 1396, 1397, 1398, 1399, 1400, 1401, 1402, 1403, 1408, 1409, 1410, 1411, 1412, 1413, 1414, 1415, 1416, 1417, 1418, 1419, 1420, 1421, 1422, 1423, 1424, 1425, 1426, 1427, 1428, 1429, 1430, 1431, 1432, 1433, 1438, 1439, 1440, 1441, 1442, 1443, 1444, 1445, 1446, 1447, 1448, 1449, 1450, 1451, 1452, 1453, 1456, 1457, 1458, 1459, 1460, 1461, 1470, 1471, 1474, 1475, 1476, 1477, 1482, 1483, 1486, 1487, 1504, 1505, 1506, 1507, 1542, 1543, 1602, 1603, 1604, 1605, 1608, 1609, 1612, 1613, 1614, 1615, 1622, 1623, 1624, 1625, 1626, 1627, 1632, 1633, 1634, 1635, 1636, 1637, 1638, 1639, 1640, 1641, 1642, 1643, 1656, 1657, 1658, 1659, 1672, 1673, 1694, 1696, 1697, 1704, 1705, 1746, 1747, 1748, 1749, 1752, 1753, 1760, 1761, 1762, 1763, 1766, 1767, 1768, 1769, 1774, 1775, 1778, 1779, 1780, 1781, 1786, 1787, 1788, 1789, 1806, 1807, 1808, 1809, 1810, 1811, 1812, 1813, 1822, 1823, 1846, 1847, 1848, 1849, 1850, 1851, 1852, 1853, 1854, 1855, 1860, 1861, 1862, 1863, 1868, 1869, 1870, 1871, 1872, 1873, 1884, 1885, 1886, 1887, 1892, 1893, 1894, 1895, 1896, 1897, 1900, 1901, 1902, 1903, 1916, 1917, 1918, 1919, 1928, 1929, 1930, 1931, 1944, 1945, 1946, 1947, 1950, 1951, 1952, 1953, 1954, 1955, 1956, 1957, 1958, 1959, 1960, 1961, 1962, 1963, 1964, 1965, 1968, 1969, 1970, 1971, 1982, 1983, 1984, 1985, 1998, 1999, 2000, 2001, 2002, 2003, 2004, 2005, 2010, 2011, 2012, 2013, 2014, 2015, 2016, 2017, 2022, 2023, 2024, 2025, 2026, 2027, 2028, 2029, 2030, 2031, 2032, 2033, 2034, 2035, 2036, 2037, 2038, 2039, 2042, 2043, 2044, 2045, 2046, 2047, 2048, 2049, 2050, 2051, 2052, 2053, 2062, 2063, 2064, 2065, 2066, 2067, 2068, 2069, 2070, 2071, 2074, 2075, 2076, 2077, 2078, 2079, 2160, 2161, 2164, 2165, 2168, 2169, 2170, 2171, 2172, 2173, 2174, 2175, 2176, 2177, 2210, 2211, 2212, 2213, 2214, 2215, 2218, 2219, 2220, 2221, 2222, 2223, 2224, 2225, 2226, 2227, 2228, 2229, 2230, 2231, 2232, 2233, 2234, 2235, 2236, 2237, 2244, 2245, 2248, 2249, 2276, 2277, 2298, 2299, 2300, 2301, 2310, 2311, 2312, 2313, 2324, 2325, 2336, 2337, 2340, 2341, 2342, 2343, 2344, 2345, 2346, 2347, 2348, 2349, 2350, 2351, 2352, 2353, 2354, 2355, 2356, 2357, 2358, 2359, 2360, 2361, 2362, 2363, 2364, 2365, 2366, 2367, 2368, 2369, 2370, 2371, 2372, 2373, 2374, 2375, 2376, 2377, 2378, 2379, 2380, 2381, 2382, 2383, 2384, 2385, 2386, 2387, 2388, 2389, 2390, 2391, 400, 402, 403, 436, 374, 376, 2, 4, 10, 12, 21, 24, 26, 55, 92, 124, 136, 139, 199, 253, 263, 266, 284, 315, 377, 378, 398, 399, 401, 425, 473, 472, 375, 469, 470, 468, 475, 476, 474, 477, 478, 409, 325, 326, 410, 438, 441, 459, 471, 447, 453, 454, 464, 455, 460, 457, 467, 458, 461, 462, 465, 19, 90, 97, 102, 107, 110, 118, 164, 172, 175, 181, 184, 193, 195, 214, 215, 223, 229, 234, 237, 270, 268, 273, 277, 303, 299, 308, 312, 322, 329, 456, 463, 466, 1000, 1001, 1065, 1064, 298, 1067, 1066, 1112, 1113, 302, 393, 1071, 1070, 301, 1073, 1072, 283, 370, 300, 372, 397, 373, 395, 394, 1069, 1068, 311, 371, 1024, 1025, 1027, 1026, 1076, 1077, 1085, 1084, 307, 314, 1087, 1086, 313, 1079, 1078, 304, 1089, 1088, 1090, 1091, 1093, 1092, 316, 1095, 1094, 305, 309, 310, 1080, 1081, 1074, 1075, 1083, 1082, 481, 480, 482, 483, 485, 484, 486, 487, 490, 491, 5, 488, 489, 494, 495, 7, 492, 493, 497, 496, 498, 499, 501, 500, 502, 503, 517, 516, 518, 519, 523, 522, 524, 525, 527, 526, 528, 529, 536, 537, 29, 534, 535, 544, 545, 33, 542, 543, 548, 549, 35, 546, 547, 552, 553, 36, 550, 551, 556, 557, 38, 554, 555, 583, 582, 584, 585, 602, 603, 64, 600, 601, 649, 648, 650, 651, 672, 673, 103, 670, 671, 713, 712, 714, 715, 722, 723, 126, 720, 721, 737, 736, 738, 739, 745, 744, 746, 747, 758, 759, 146, 756, 757, 762, 763, 148, 760, 761, 816, 817, 863, 862, 864, 865, 904, 905, 217, 902, 903, 971, 970, 972, 973, 987, 986, 988, 989, 993, 992, 994, 995, 997, 996, 267, 1042, 1043, 290, 1040, 1041, 1046, 1047, 291, 1044, 1045, 1054, 1055, 294, 1052, 1053, 1057, 1056, 165, 792, 793, 795, 794, 163, 788, 789, 791, 790, 213, 891, 890, 889, 888, 248, 960, 961, 959, 958, 244, 954, 955, 957, 956, 296, 1059, 1058, 274, 1011, 1010, 1007, 1006, 507, 506, 508, 509, 511, 510, 512, 513, 514, 515, 520, 521, 532, 533, 635, 634, 636, 637, 638, 639, 640, 641, 642, 643, 88, 645, 644, 646, 647, 655, 654, 658, 659, 662, 663, 664, 665, 3, 17, 15, 16, 667, 666, 674, 675, 104, 681, 680, 684, 685, 108, 682, 683, 1252, 1253, 2162, 2163, 2041, 2040, 2166, 2167, 1404, 1405, 2216, 2217, 2338, 2339, 281, 1467, 1466, 1256, 1257, 1464, 1465, 1469, 1468, 1472, 1473, 1478, 1479, 1020, 1021, 1023, 1022, 1601, 1600, 8, 1490, 1491, 100, 669, 668, 27, 530, 531, 677, 676, 106, 688, 689, 111, 690, 691, 694, 695, 114, 698, 699, 701, 700, 113, 1649, 1648, 116, 696, 697, 786, 787, 798, 799, 167, 796, 797, 87, 1756, 1757, 1599, 1598, 1, 945, 944, 802, 803, 805, 804, 808, 809, 811, 810, 813, 812, 814, 815, 171, 1771, 1770, 169, 800, 168, 801, 1759, 1758, 1754, 1755, 173, 170, 806, 807, 1765, 1764, 162, 1745, 1744, 83, 942, 943, 235, 6, 174, 940, 941, 1899, 1898, 1593, 1592, 84, 85, 1595, 1594, 1597, 1596, 86, 1618, 1619, 1621, 1620, 98, 661, 660, 99, 236, 946, 947, 1904, 1905, 28, 96, 20, 1488, 1489, 14, 32, 1496, 1497, 18, 539, 538, 31, 1651, 1650, 692, 693, 1499, 1498, 13, 1463, 1462, 1617, 1616, 109, 89, 101, 679, 678, 686, 687, 1644, 1645, 1647, 22, 1646, 1654, 1655, 1652, 1653, 117, 848, 849, 852, 853, 194, 855, 854, 11, 829, 828, 180, 819, 818, 857, 856, 1776, 1777, 1815, 1814, 95, 820, 821, 178, 179, 1782, 1783, 825, 824, 182, 822, 823, 827, 826, 1785, 1784, 830, 831, 183, 832, 833, 1790, 1791, 836, 837, 186, 834, 835, 840, 841, 188, 838, 34, 185, 839, 187, 1792, 1793, 105, 112, 1796, 1797, 1799, 1798, 115, 189, 842, 843, 845, 844, 851, 850, 191, 974, 975, 1801, 1800, 190, 846, 847, 1803, 1802, 1805, 1804, 1932, 1933, 176, 177, 1795, 1794, 1773, 1772, 505, 504, 541, 540, 657, 656, 1319, 1318, 1454, 1455, 1480, 1481, 1484, 1485, 1500, 1501, 1503, 1502, 1540, 1541, 1606, 1607, 1670, 1671, 1695, 1289, 1288, 1343, 1342, 1355, 1354, 1367, 1366, 1384, 1385, 1391, 1390, 1407, 1406, 1493, 1492, 1494, 1495, 1509, 1508, 1510, 1511, 1513, 1512, 1514, 1515, 1559, 1558, 1560, 1561, 1629, 1628, 1630, 1631, 1679, 1678, 1680, 1681, 1702, 1703, 1715, 1714, 1716, 1717, 1719, 1718, 1720, 1721, 1751, 1750, 1820, 1821, 2246, 2247]
Cost of partition 627
